dihedral 20 19 21 23 200 -3.0846848487854004
dihedral 39 38 40 42 200 -9.939716339111328
dihedral 63 62 64 66 200 -7.3969597816467285
dihedral 82 81 83 85 200 2.4735286235809326
dihedral 101 100 102 104 200 -19.745361328125
dihedral 123 122 124 126 200 -3.3283579349517822
dihedral 138 137 139 141 200 3.4300286769866943
dihedral 152 151 153 155 200 6.130040168762207
dihedral 167 166 168 170 200 -1.0931380987167358
dihedral 187 186 188 190 200 -3.6144583225250244
dihedral 209 208 210 212 200 -4.591118335723877
dihedral 231 230 232 234 200 7.244805335998535
dihedral 250 249 251 253 200 3.9982738494873047
dihedral 272 271 273 275 200 -8.61247444152832
dihedral 288 287 289 291 200 -12.766393661499023
dihedral 307 306 308 310 200 5.785450458526611
dihedral 314 313 315 317 200 5.119283676147461
dihedral 325 324 326 328 200 -1.1352351903915405
dihedral 332 331 333 335 200 -3.107452392578125
dihedral 342 341 343 345 200 4.952973365783691
dihedral 362 361 363 365 200 6.333559513092041
dihedral 369 368 370 372 200 13.56737232208252
dihedral 383 382 384 386 200 -1.2949607372283936
dihedral 399 398 400 402 200 2.8334665298461914
dihedral 420 419 421 423 200 -14.74741268157959
dihedral 442 441 443 445 200 3.7036473751068115
dihedral 449 448 450 452 200 -4.310361385345459
dihedral 468 467 469 471 200 -4.353241920471191
dihedral 492 491 493 495 200 -5.750211238861084
dihedral 511 510 512 516 200 -0.414549320936203
dihedral 525 524 526 528 200 -5.134273529052734
dihedral 540 539 541 543 200 -5.618881702423096
dihedral 547 546 548 550 200 9.136858940124512
dihedral 562 561 563 565 200 -3.089461088180542
dihedral 584 583 585 587 200 4.930461883544922
dihedral 600 599 601 603 200 -3.41449236869812
dihedral 622 621 623 625 200 1.0458787679672241
dihedral 641 640 642 646 200 2.009887456893921
dihedral 655 654 656 658 200 5.481588363647461
dihedral 671 670 672 674 200 -12.075742721557617
dihedral 681 680 682 684 200 -0.23115956783294678
dihedral 700 699 701 703 200 -4.486916542053223
dihedral 722 721 723 725 200 -5.153130054473877
dihedral 737 736 738 740 200 -6.695439338684082
dihedral 756 755 757 759 200 -3.2282137870788574
dihedral 780 779 781 783 200 1.7956055402755737
dihedral 795 794 796 798 200 -2.44923734664917
dihedral 805 804 806 808 200 0.2815547287464142
dihedral 819 818 820 822 200 5.289039134979248
dihedral 830 829 831 835 200 -12.302690505981445
dihedral 844 843 845 847 200 5.091825485229492
dihedral 866 865 867 869 200 -5.0941901206970215
dihedral 876 875 877 879 200 4.654476642608643
dihedral 890 889 891 893 200 -6.964209079742432
dihedral 912 911 913 915 200 6.734159469604492
dihedral 927 926 928 930 200 0.1727343052625656
dihedral 946 945 947 949 200 -3.33804988861084
dihedral 965 964 966 968 200 1.3640217781066895
dihedral 977 976 978 980 200 -3.7338969707489014
dihedral 992 991 993 995 200 -1.1199840307235718
dihedral 1002 1001 1003 1005 200 -4.117151260375977
dihedral 1023 1022 1024 1026 200 -4.719021797180176
dihedral 1039 1038 1040 1042 200 -2.4790356159210205
dihedral 1056 1055 1057 1059 200 -3.550198554992676
dihedral 1066 1065 1067 1069 200 -4.052125930786133
dihedral 1077 1076 1078 1080 200 -8.149815559387207
dihedral 1093 1092 1094 1096 200 7.297739505767822
dihedral 1105 1104 1106 1108 200 -9.739618301391602
dihedral 1119 1118 1120 1124 200 -2.7125890254974365
dihedral 1133 1132 1134 1136 200 5.348674774169922
dihedral 1150 1149 1151 1153 200 -6.100366115570068
dihedral 1166 1165 1167 1169 200 -10.74245834350586
dihedral 1177 1176 1178 1180 200 4.560091018676758
dihedral 1201 1200 1202 1204 200 -6.6516523361206055
dihedral 1220 1219 1221 1223 200 -1.8654814958572388
dihedral 1239 1238 1240 1242 200 9.151082992553711
dihedral 1246 1245 1247 1249 200 1.341260313987732
dihedral 1265 1264 1266 1268 200 -14.918466567993164
dihedral 1276 1275 1277 1279 200 -0.8685891032218933
dihedral 1295 1294 1296 1298 200 2.582279682159424
dihedral 1309 1308 1310 1312 200 -16.701946258544922
dihedral 1320 1319 1321 1323 200 -0.19863374531269073
dihedral 1334 1333 1335 1337 200 -9.479438781738281
dihedral 1350 1349 1351 1353 200 -5.9435529708862305
dihedral 1367 1366 1368 1370 200 8.79051685333252
dihedral 1386 1385 1387 1389 200 0.27851349115371704
dihedral 1405 1404 1406 1408 200 -6.037002086639404
dihedral 1419 1418 1420 1422 200 -8.926949501037598
dihedral 1436 1435 1437 1439 200 0.7167110443115234
dihedral 1455 1454 1456 1458 200 -2.584293842315674
dihedral 1472 1471 1473 1477 200 7.180792808532715
dihedral 1486 1485 1487 1489 200 6.064671993255615
dihedral 1506 1505 1507 1509 200 -6.266394138336182
dihedral 1513 1512 1514 1516 200 -3.659951686859131
dihedral 1524 1523 1525 1527 200 -2.739030361175537
dihedral 1543 1542 1544 1546 200 -1.0768636465072632
dihedral 1562 1561 1563 1565 200 -3.9043004512786865
dihedral 1574 1573 1575 1577 200 2.532515287399292
dihedral 1595 1594 1596 1598 200 5.026139259338379
dihedral 1611 1610 1612 1614 200 -5.4900946617126465
dihedral 1635 1634 1636 1638 200 -1.018253207206726
dihedral 1650 1649 1651 1653 200 10.139923095703125
dihedral 1667 1666 1668 1670 200 2.4422643184661865
dihedral 1689 1688 1690 1692 200 6.9303460121154785
dihedral 1701 1700 1702 1704 200 6.546389579772949
dihedral 1715 1714 1716 1718 200 5.241694927215576
dihedral 1734 1733 1735 1737 200 -1.200029969215393
dihedral 1741 1740 1742 1744 200 9.990776062011719
dihedral 1752 1751 1753 1755 200 0.19082443416118622
dihedral 1769 1768 1770 1772 200 4.959856986999512
dihedral 1790 1789 1791 1793 200 -0.08239967375993729
dihedral 1809 1808 1810 1812 200 -2.8065178394317627
dihedral 1828 1827 1829 1831 200 -1.2595524787902832
dihedral 1842 1841 1843 1845 200 -5.4675374031066895
dihedral 1866 1865 1867 1869 200 1.5400383472442627
dihedral 1877 1876 1878 1880 200 0.8553478121757507
dihedral 1893 1892 1894 1896 200 -0.9394077658653259
dihedral 1910 1909 1911 1913 200 -4.7936015129089355
dihedral 1929 1928 1930 1932 200 -2.0753159523010254
dihedral 1939 1938 1940 1942 200 -6.690160751342773
dihedral 1961 1960 1962 1964 200 -1.3967615365982056
dihedral 1968 1967 1969 1971 200 -5.692205905914307
dihedral 1985 1984 1986 1988 200 -3.9926917552948
dihedral 1999 1998 2000 2002 200 -1.100462794303894
dihedral 2020 2019 2021 2023 200 -7.888063430786133
dihedral 2039 2038 2040 2042 200 0.1511862725019455
dihedral 2054 2053 2055 2057 200 2.709749221801758
dihedral 2066 2065 2067 2069 200 1.0647156238555908
dihedral 2090 2089 2091 2093 200 0.9581596255302429
dihedral 2114 2113 2115 2117 200 7.010694980621338
dihedral 2133 2132 2134 2136 200 -0.6006225347518921
dihedral 2149 2148 2150 2152 200 -3.940424680709839
dihedral 2166 2165 2167 2169 200 7.1968560218811035
dihedral 2190 2189 2191 2193 200 3.200608968734741
dihedral 2202 2201 2203 2205 200 -5.899953365325928
dihedral 2221 2220 2222 2224 200 0.9780862927436829
dihedral 2231 2230 2232 2234 200 -0.07722888886928558
dihedral 2241 2240 2242 2244 200 -5.581716537475586
dihedral 2265 2264 2266 2268 200 1.3028736114501953
dihedral 2279 2278 2280 2282 200 -7.4179840087890625
dihedral 2295 2294 2296 2298 200 0.9356523752212524
dihedral 2314 2313 2315 2317 200 2.6306138038635254
dihedral 2330 2329 2331 2333 200 -9.188117027282715
dihedral 2352 2351 2353 2355 200 -6.638029098510742
dihedral 2366 2365 2367 2371 200 -7.014612197875977
dihedral 2380 2379 2381 2383 200 -4.765822887420654
dihedral 2397 2396 2398 2400 200 5.268828392028809
dihedral 2414 2413 2415 2417 200 -0.7072798609733582
dihedral 2430 2429 2431 2433 200 -0.1264931708574295
dihedral 2452 2451 2453 2455 200 -10.010849952697754
dihedral 2471 2470 2472 2474 200 -1.0969914197921753
dihedral 2485 2484 2486 2488 200 -6.899227142333984
dihedral 2497 2496 2498 2500 200 -2.7726151943206787
dihedral 2517 2516 2518 2520 200 -3.9843947887420654
dihedral 2524 2523 2525 2527 200 8.898442268371582
dihedral 2543 2542 2544 2546 200 -3.766493797302246
dihedral 2553 2552 2554 2556 200 -5.614109516143799
dihedral 2575 2574 2576 2578 200 -1.4287980794906616
dihedral 2594 2593 2595 2597 200 0.5001010894775391
dihedral 2613 2612 2614 2616 200 -6.819090843200684
dihedral 2620 2619 2621 2623 200 1.2325596809387207
dihedral 2630 2629 2631 2633 200 3.4365880489349365
dihedral 2645 2644 2646 2648 200 7.842624187469482
dihedral 2660 2659 2661 2663 200 10.174785614013672
dihedral 2682 2681 2683 2685 200 -4.265725135803223
dihedral 2697 2696 2698 2700 200 -3.563933849334717
dihedral 2718 2717 2719 2721 200 -6.582394123077393
dihedral 2735 2734 2736 2738 200 -7.574948787689209
dihedral 2745 2744 2746 2748 200 0.12280207127332687
dihedral 2760 2759 2761 2763 200 1.3137024641036987
dihedral 2767 2766 2768 2770 200 1.6665273904800415
dihedral 2774 2773 2775 2777 200 -6.715727806091309
dihedral 2796 2795 2797 2799 200 -0.27285656332969666
dihedral 2812 2811 2813 2817 200 -1.7293798923492432
dihedral 2826 2825 2827 2829 200 13.259979248046875
dihedral 2845 2844 2846 2848 200 6.967581748962402
dihedral 2867 2866 2868 2870 200 -6.3613457679748535
dihedral 2891 2890 2892 2894 200 8.729591369628906
dihedral 2908 2907 2909 2911 200 -13.87717056274414
dihedral 2918 2917 2919 2921 200 4.099977970123291
dihedral 2937 2936 2938 2940 200 -3.572509288787842
dihedral 2952 2951 2953 2955 200 -6.132977485656738
dihedral 2963 2962 2964 2966 200 -6.031035900115967
dihedral 2982 2981 2983 2985 200 6.460016250610352
dihedral 3001 3000 3002 3004 200 11.39126205444336
dihedral 3018 3017 3019 3021 200 11.484865188598633
dihedral 3042 3041 3043 3045 200 3.0508480072021484
dihedral 3061 3060 3062 3064 200 -0.7097213864326477
dihedral 3082 3081 3083 3085 200 5.392388343811035
dihedral 3096 3095 3097 3099 200 -7.425445079803467
dihedral 3113 3112 3114 3116 200 1.1307668685913086
dihedral 3130 3129 3131 3133 200 -15.160658836364746
dihedral 3141 3140 3142 3144 200 -5.505949974060059
dihedral 3153 3152 3154 3156 200 -6.125102996826172
dihedral 3169 3168 3170 3172 200 -4.7763471603393555
dihedral 3193 3192 3194 3196 200 2.4649930000305176
dihedral 3204 3203 3205 3207 200 -5.456540584564209
dihedral 3225 3224 3226 3228 200 -0.3622809052467346
dihedral 3232 3231 3233 3235 200 -4.494812488555908
dihedral 3248 3247 3249 3251 200 -0.1189139261841774
dihedral 3262 3261 3263 3265 200 -4.257433891296387
dihedral 3278 3277 3279 3281 200 -0.10789415240287781
dihedral 3302 3301 3303 3305 200 0.9570038318634033
dihedral 3317 3316 3318 3320 200 -2.7957956790924072
dihedral 3336 3335 3337 3339 200 7.167250156402588
dihedral 3353 3352 3354 3356 200 -5.77687931060791
dihedral 3367 3366 3368 3370 200 4.966150760650635
dihedral 3387 3386 3388 3390 200 -4.440917491912842
dihedral 3394 3393 3395 3397 200 -8.56386661529541
dihedral 3405 3404 3406 3408 200 4.493288993835449
dihedral 3427 3426 3428 3432 200 -0.12037090957164764
dihedral 3441 3440 3442 3444 200 1.0730502605438232
dihedral 3462 3461 3463 3465 200 -1.2835397720336914
dihedral 3474 3473 3475 3477 200 1.2762914896011353
dihedral 3481 3480 3482 3484 200 2.3513386249542236
dihedral 3500 3499 3501 3505 200 -10.559042930603027
dihedral 3514 3513 3515 3517 200 2.5318031311035156
dihedral 3524 3523 3525 3527 200 3.136427164077759
dihedral 3535 3534 3536 3538 200 2.168480157852173
dihedral 3550 3549 3551 3553 200 5.723463535308838
dihedral 3569 3568 3570 3572 200 0.5681009888648987
dihedral 3580 3579 3581 3583 200 2.821638345718384
dihedral 3591 3590 3592 3594 200 -4.695601940155029
dihedral 3610 3609 3611 3613 200 -1.285641074180603
dihedral 3629 3628 3630 3632 200 -6.515474319458008
dihedral 3644 3643 3645 3647 200 -8.084087371826172
dihedral 3666 3665 3667 3669 200 -2.0955824851989746
dihedral 3673 3672 3674 3676 200 -0.8008460402488708
dihedral 3688 3687 3689 3691 200 1.6702568531036377
dihedral 3712 3711 3713 3715 200 -7.536673069000244
dihedral 3731 3730 3732 3736 200 8.343146324157715
dihedral 3745 3744 3746 3748 200 -5.440021991729736
dihedral 3762 3761 3763 3767 200 3.113776206970215
dihedral 3776 3775 3777 3781 200 8.575454711914063
dihedral 3790 3789 3791 3793 200 -1.789837121963501
dihedral 3809 3808 3810 3812 200 7.637286186218262
dihedral 3820 3819 3821 3823 200 -15.58477783203125
dihedral 3834 3833 3835 3837 200 -2.0613460540771484
dihedral 3853 3852 3854 3856 200 0.3554001450538635
dihedral 3865 3864 3866 3868 200 -1.1783654689788818
dihedral 3881 3880 3882 3884 200 -1.4358222484588623
dihedral 3902 3901 3903 3905 200 -1.6670470237731934
dihedral 3919 3918 3920 3922 200 -10.63765811920166
dihedral 3938 3937 3939 3941 200 -1.9785124063491821
dihedral 3955 3954 3956 3958 200 -0.11800700426101685
dihedral 3979 3978 3980 3982 200 -6.176506996154785
dihedral 4001 4000 4002 4004 200 -0.725735068321228
dihedral 4012 4011 4013 4015 200 7.715809345245361
dihedral 4036 4035 4037 4039 200 -8.519720077514648
dihedral 4053 4052 4054 4056 200 -3.418099880218506
dihedral 4072 4071 4073 4075 200 -4.310439109802246
dihedral 4084 4083 4085 4087 200 -1.7056506872177124
dihedral 4094 4093 4095 4097 200 8.04179859161377
dihedral 4106 4105 4107 4109 200 2.9585838317871094
dihedral 4117 4116 4118 4120 200 -12.130477905273438
dihedral 4141 4140 4142 4146 200 -12.15426254272461
dihedral 4155 4154 4156 4158 200 -9.452010154724121
dihedral 4177 4176 4178 4180 200 0.24639953672885895
dihedral 4197 4196 4198 4200 200 -3.3128662109375
dihedral 4221 4220 4222 4224 200 -1.8362420797348022
dihedral 4236 4235 4237 4239 200 4.735561370849609
dihedral 4255 4254 4256 4258 200 -5.178472995758057
dihedral 4274 4273 4275 4277 200 -1.4407684803009033
dihedral 4293 4292 4294 4296 200 4.006558895111084
dihedral 4308 4307 4309 4311 200 -1.03313410282135
dihedral 4328 4327 4329 4331 200 -2.6587445735931396
dihedral 4339 4338 4340 4342 200 -8.582109451293945
dihedral 4361 4360 4362 4364 200 -5.113609790802002
dihedral 4378 4377 4379 4381 200 3.1613142490386963
dihedral 4388 4387 4389 4391 200 -2.4248909950256348
dihedral 4412 4411 4413 4415 200 -2.759571075439453
dihedral 4424 4423 4425 4429 200 17.78620147705078
dihedral 4438 4437 4439 4441 200 2.493210554122925
dihedral 4455 4454 4456 4458 200 -2.216076612472534
dihedral 4479 4478 4480 4482 200 2.763451337814331
dihedral 4500 4499 4501 4503 200 -1.0351749658584595
dihedral 4519 4518 4520 4522 200 4.537741184234619
dihedral 4535 4534 4536 4538 200 0.8573548793792725
dihedral 4554 4553 4555 4557 200 -3.942979574203491
dihedral 4571 4570 4572 4574 200 3.0632457733154297
dihedral 4578 4577 4579 4581 200 -3.250894546508789
