bond 233 442 20.0 1.8998984098434448
angle 232 233 442 20.0 166.7270965576172
bond 189 468 20.0 2.043260097503662
angle 188 189 468 20.0 157.3612823486328
bond 451 209 20.0 2.0487406253814697
angle 450 451 209 20.0 151.90237426757813
bond 739 1350 20.0 1.8774018287658691
angle 738 739 1350 20.0 168.6513214111328
bond 1352 1276 20.0 2.0924744606018066
angle 1351 1352 1276 20.0 165.28599548339844
bond 1267 1367 20.0 1.8569077253341675
angle 1266 1267 1367 20.0 163.11318969726563
bond 1248 63 20.0 2.081221342086792
angle 1247 1248 63 20.0 152.19386291503906
bond 948 890 20.0 2.092794179916382
angle 947 948 890 20.0 159.6844940185547
bond 967 912 20.0 2.0741593837738037
angle 966 967 912 20.0 159.4991912841797
bond 252 442 20.0 2.233555793762207
angle 251 252 442 20.0 152.49403381347656
bond 657 449 20.0 1.9440438747406006
angle 656 657 449 20.0 163.554443359375
bond 624 492 20.0 2.05886173248291
angle 623 624 492 20.0 151.714111328125
bond 422 272 20.0 1.767553687095642
angle 421 422 272 20.0 161.72520446777344
bond 444 671 20.0 1.9278596639633179
angle 443 444 671 20.0 164.01341247558594
bond 470 641 20.0 1.8998788595199585
angle 469 470 641 20.0 172.48350524902344
bond 724 383 20.0 1.9010539054870605
angle 723 724 383 20.0 160.66500854492188
bond 401 700 20.0 1.7694950103759766
angle 400 401 700 20.0 159.76731872558594
bond 1388 1246 20.0 1.9918732643127441
angle 1387 1388 1246 20.0 175.086181640625
bond 371 737 20.0 1.9248714447021484
angle 370 371 737 20.0 154.82481384277344
bond 1369 722 20.0 1.920884609222412
angle 1368 1369 722 20.0 155.44105529785156
bond 41 1239 20.0 2.0837888717651367
angle 40 41 1239 20.0 162.49295043945313
bond 994 946 20.0 2.028571128845215
angle 993 994 946 20.0 155.6683807373047
bond 1004 965 20.0 2.1678895950317383
angle 1003 1004 965 20.0 148.56893920898438
bond 979 927 20.0 2.0416250228881836
angle 978 979 927 20.0 166.613525390625
bond 290 399 20.0 1.860001802444458
angle 289 290 399 20.0 149.59413146972656
bond 309 399 20.0 2.261762857437134
angle 308 309 399 20.0 154.66824340820313
bond 683 420 20.0 1.8457351922988892
angle 682 683 420 20.0 161.98992919921875
bond 1407 681 20.0 2.0120432376861572
angle 1406 1407 681 20.0 161.6556396484375
bond 673 1419 20.0 2.011432647705078
angle 672 673 1419 20.0 157.53616333007813
bond 385 314 20.0 1.7819578647613525
angle 384 385 314 20.0 171.6734619140625
bond 702 1386 20.0 1.9034007787704468
angle 701 702 1386 20.0 155.6566619873047
bond 1222 1405 20.0 2.123826503753662
angle 1221 1222 1405 20.0 159.63784790039063
bond 1058 1002 20.0 2.053062677383423
angle 1057 1058 1002 20.0 149.99551391601563
bond 1041 992 20.0 1.9930886030197144
angle 1040 1041 992 20.0 161.4964141845703
bond 2596 2543 20.0 1.9848039150238037
angle 2595 2596 2543 20.0 149.83465576171875
bond 1025 977 20.0 2.4289016723632813
angle 1024 1025 977 20.0 157.50083923339844
bond 1203 1056 20.0 2.3516781330108643
angle 1202 1203 1056 20.0 173.13551330566406
bond 2316 1513 20.0 1.7317285537719727
angle 2315 2316 1513 20.0 165.78892517089844
bond 1576 1524 20.0 2.166755199432373
angle 1575 1576 1524 20.0 162.5580291748047
bond 1637 1574 20.0 2.0206708908081055
angle 1636 1637 1574 20.0 163.87501525878906
bond 2354 2414 20.0 2.059373617172241
angle 2353 2354 2414 20.0 165.5309600830078
bond 1526 2295 20.0 1.877029299736023
angle 1525 1526 2295 20.0 179.5959014892578
bond 2432 2314 20.0 1.793407917022705
angle 2431 2432 2314 20.0 164.8892059326172
bond 2281 2241 20.0 2.192797899246216
angle 2280 2281 2241 20.0 156.51950073242188
bond 2297 2452 20.0 1.7846111059188843
angle 2296 2297 2452 20.0 170.51670837402344
bond 2022 1968 20.0 2.2978994846343994
angle 2021 2022 1968 20.0 156.00364685058594
bond 2068 2020 20.0 2.3894636631011963
angle 2067 2068 2020 20.0 145.75791931152344
bond 3552 3524 20.0 2.3896448612213135
angle 3551 3552 3524 20.0 173.11044311523438
bond 2984 2937 20.0 1.8771430253982544
angle 2983 2984 2937 20.0 166.7200164794922
bond 3003 2952 20.0 1.9922711849212646
angle 3002 3003 2952 20.0 154.06100463867188
bond 1652 1595 20.0 2.0672085285186768
angle 1651 1652 1595 20.0 152.2929229736328
bond 1597 1543 20.0 2.1116533279418945
angle 1596 1597 1543 20.0 154.3587646484375
bond 2399 2366 20.0 1.9965648651123047
angle 2398 2399 2366 20.0 161.36537170410156
bond 1970 1929 20.0 1.9317371845245361
angle 1969 1970 1929 20.0 165.83079528808594
bond 2001 1961 20.0 2.2392683029174805
angle 2000 2001 1961 20.0 157.83372497558594
bond 1963 1910 20.0 2.0048024654388428
angle 1962 1963 1910 20.0 160.71388244628906
bond 3250 3204 20.0 1.9186737537384033
angle 3249 3250 3204 20.0 165.15673828125
bond 2041 1985 20.0 2.045595407485962
angle 2040 2041 1985 20.0 158.17515563964844
bond 2056 1999 20.0 1.9695191383361816
angle 2055 2056 1999 20.0 165.05572509765625
bond 1987 1939 20.0 1.8978493213653564
angle 1986 1987 1939 20.0 160.90435791015625
bond 3195 3141 20.0 2.3922369480133057
angle 3194 3195 3141 20.0 161.23233032226563
bond 3206 3153 20.0 1.9564039707183838
angle 3205 3206 3153 20.0 160.02178955078125
bond 3593 3550 20.0 2.1044108867645264
angle 3592 3593 3550 20.0 174.23377990722656
bond 3612 3569 20.0 2.0116965770721436
angle 3611 3612 3569 20.0 163.6829376220703
bond 3319 3262 20.0 2.2860944271087646
angle 3318 3319 3262 20.0 154.12521362304688
bond 1912 1866 20.0 1.9441550970077515
angle 1911 1912 1866 20.0 163.2669219970703
bond 1895 1842 20.0 2.151244878768921
angle 1894 1895 1842 20.0 157.5538787841797
bond 3304 3248 20.0 2.0185606479644775
angle 3303 3304 3248 20.0 155.4685821533203
bond 3264 3225 20.0 1.9105972051620483
angle 3263 3264 3225 20.0 161.79795837402344
bond 1941 1893 20.0 1.907228708267212
angle 1940 1941 1893 20.0 156.22119140625
bond 1931 1877 20.0 2.060100793838501
angle 1930 1931 1877 20.0 171.46072387695313
bond 3234 3193 20.0 2.201399564743042
angle 3233 3234 3193 20.0 153.85104370117188
bond 3227 3169 20.0 2.1911942958831787
angle 3226 3227 3169 20.0 151.1392364501953
bond 3646 3591 20.0 2.1444318294525146
angle 3645 3646 3591 20.0 146.16546630859375
bond 3631 3580 20.0 1.9950199127197266
angle 3630 3631 3580 20.0 157.0807342529297
bond 1844 1790 20.0 2.0410799980163574
angle 1843 1844 1790 20.0 160.57919311523438
bond 3338 3278 20.0 2.0904929637908936
angle 3337 3338 3278 20.0 156.61111450195313
bond 1868 1809 20.0 2.3168561458587646
angle 1867 1868 1809 20.0 159.88436889648438
bond 3280 3232 20.0 2.1548147201538086
angle 3279 3280 3232 20.0 159.40272521972656
bond 1879 1828 20.0 2.0695316791534424
angle 1878 1879 1828 20.0 162.966796875
bond 4257 4197 20.0 2.199826240539551
angle 4256 4257 4197 20.0 154.5068817138672
bond 1811 1752 20.0 2.2451415061950684
angle 1810 1811 1752 20.0 170.7625732421875
bond 1830 1769 20.0 2.039719581604004
angle 1829 1830 1769 20.0 160.81988525390625
bond 4330 4274 20.0 1.939299464225769
angle 4329 4330 4274 20.0 159.2976531982422
bond 4310 4255 20.0 1.9263771772384644
angle 4309 4310 4255 20.0 172.05091857910156
bond 3957 3902 20.0 1.8141156435012817
angle 3956 3957 3902 20.0 160.6597442626953
bond 3940 3881 20.0 2.3948519229888916
angle 3939 3940 3881 20.0 162.68148803710938
bond 3981 3919 20.0 2.06838059425354
angle 3980 3981 3919 20.0 154.9576416015625
bond 4380 4328 20.0 2.000581979751587
angle 4379 4380 4328 20.0 152.60055541992188
bond 4363 4308 20.0 2.3029990196228027
angle 4362 4363 4308 20.0 159.07566833496094
bond 4341 4293 20.0 2.016519784927368
angle 4340 4341 4293 20.0 154.7483673095703
bond 4295 4236 20.0 1.9827195405960083
angle 4294 4295 4236 20.0 160.8181915283203
bond 3921 3865 20.0 2.517357587814331
angle 3920 3921 3865 20.0 155.20928955078125
bond 3904 3853 20.0 1.844191312789917
angle 3903 3904 3853 20.0 156.01730346679688
dihedral 186 188 190 208 200 -132.3877716064453
dihedral 188 190 208 210 200 136.3395538330078
dihedral 1610 1612 1614 1634 200 -78.07979583740234
dihedral 1612 1614 1634 1636 200 -46.16211700439453
dihedral 1634 1636 1638 1649 200 -63.560081481933594
dihedral 1636 1638 1649 1651 200 -41.259952545166016
dihedral 1649 1651 1653 1666 200 -106.6953353881836
dihedral 1651 1653 1666 1668 200 25.540115356445313
dihedral 1740 1742 1744 1751 200 -61.32450485229492
dihedral 1742 1744 1751 1753 200 -37.37417984008789
dihedral 1751 1753 1755 1768 200 -58.16250228881836
dihedral 1753 1755 1768 1770 200 -45.27272415161133
dihedral 208 210 212 230 200 -95.81182098388672
dihedral 210 212 230 232 200 129.30734252929688
dihedral 1768 1770 1772 1789 200 -68.48936462402344
dihedral 1770 1772 1789 1791 200 -43.54633331298828
dihedral 1789 1791 1793 1808 200 -61.12574768066406
dihedral 1791 1793 1808 1810 200 -45.426780700683594
dihedral 1808 1810 1812 1827 200 -66.42311096191406
dihedral 1810 1812 1827 1829 200 -41.223487854003906
dihedral 1827 1829 1831 1841 200 -59.179039001464844
dihedral 1829 1831 1841 1843 200 -40.442142486572266
dihedral 1841 1843 1845 1865 200 -60.39060592651367
dihedral 1843 1845 1865 1867 200 -45.81687927246094
dihedral 1865 1867 1869 1876 200 -57.645450592041016
dihedral 1867 1869 1876 1878 200 -46.517513275146484
dihedral 1876 1878 1880 1892 200 -57.36977005004883
dihedral 1878 1880 1892 1894 200 -44.03022003173828
dihedral 1892 1894 1896 1909 200 -67.75906372070313
dihedral 1894 1896 1909 1911 200 -40.832275390625
dihedral 1909 1911 1913 1928 200 -62.921138763427734
dihedral 1911 1913 1928 1930 200 -43.34737014770508
dihedral 1928 1930 1932 1938 200 -62.635589599609375
dihedral 1930 1932 1938 1940 200 -40.08098602294922
dihedral 230 232 234 249 200 -115.95626068115234
dihedral 232 234 249 251 200 -36.64595031738281
dihedral 1938 1940 1942 1960 200 -60.76291275024414
dihedral 1940 1942 1960 1962 200 -43.77901077270508
dihedral 1960 1962 1964 1967 200 -71.39949035644531
dihedral 1962 1964 1967 1969 200 -38.16338348388672
dihedral 1967 1969 1971 1984 200 -64.67819213867188
dihedral 1969 1971 1984 1986 200 -41.237457275390625
dihedral 1984 1986 1988 1998 200 -60.13450241088867
dihedral 1986 1988 1998 2000 200 -41.36626052856445
dihedral 1998 2000 2002 2019 200 -59.08219528198242
dihedral 2000 2002 2019 2021 200 -41.70081329345703
dihedral 2019 2021 2023 2038 200 -62.75546646118164
dihedral 2021 2023 2038 2040 200 -43.06121063232422
dihedral 2038 2040 2042 2053 200 -58.58374786376953
dihedral 2040 2042 2053 2055 200 -48.49610900878906
dihedral 2053 2055 2057 2065 200 -56.80353927612305
dihedral 2055 2057 2065 2067 200 -35.70117950439453
dihedral 2065 2067 2069 2089 200 -88.15774536132813
dihedral 2067 2069 2089 2091 200 5.549002170562744
dihedral 249 251 253 271 200 -146.59620666503906
dihedral 251 253 271 273 200 138.17018127441406
dihedral 2230 2232 2234 2240 200 -59.860721588134766
dihedral 2232 2234 2240 2242 200 -32.58777618408203
dihedral 2240 2242 2244 2264 200 -61.352378845214844
dihedral 2242 2244 2264 2266 200 -25.099145889282227
dihedral 2264 2266 2268 2278 200 -100.26318359375
dihedral 2266 2268 2278 2280 200 18.186058044433594
dihedral 271 273 275 287 200 -65.67730712890625
dihedral 273 275 287 289 200 119.55068969726563
dihedral 2278 2280 2282 2294 200 -121.47332000732422
dihedral 2280 2282 2294 2296 200 129.64691162109375
dihedral 2294 2296 2298 2313 200 -113.43114471435547
dihedral 2296 2298 2313 2315 200 150.20596313476563
dihedral 2313 2315 2317 2329 200 -101.45295715332031
dihedral 2315 2317 2329 2331 200 109.93341064453125
dihedral 2329 2331 2333 2351 200 -77.73088073730469
dihedral 2331 2333 2351 2353 200 -43.17239761352539
dihedral 2351 2353 2355 2365 200 -146.78688049316406
dihedral 2353 2355 2365 2367 200 163.76353454589844
dihedral 2396 2398 2400 2413 200 -140.62449645996094
dihedral 2398 2400 2413 2415 200 108.03680419921875
dihedral 2413 2415 2417 2429 200 -111.57649230957031
dihedral 2415 2417 2429 2431 200 153.97171020507813
dihedral 2429 2431 2433 2451 200 -131.77943420410156
dihedral 2431 2433 2451 2453 200 135.86489868164063
dihedral 287 289 291 306 200 -88.7101821899414
dihedral 289 291 306 308 200 -40.53998947143555
dihedral 2451 2453 2455 2470 200 -68.79644012451172
dihedral 2453 2455 2470 2472 200 134.04449462890625
dihedral 2523 2525 2527 2542 200 -64.30010223388672
dihedral 2525 2527 2542 2544 200 -40.61366271972656
dihedral 2542 2544 2546 2552 200 -59.77254104614258
dihedral 2544 2546 2552 2554 200 -38.710941314697266
dihedral 2552 2554 2556 2574 200 -67.26139068603516
dihedral 2554 2556 2574 2576 200 -44.313472747802734
dihedral 2574 2576 2578 2593 200 -58.57229232788086
dihedral 2576 2578 2593 2595 200 -38.10639953613281
dihedral 2593 2595 2597 2612 200 -84.77839660644531
dihedral 2595 2597 2612 2614 200 7.788432598114014
dihedral 306 308 310 313 200 -161.545166015625
dihedral 308 310 313 315 200 156.98178100585938
dihedral 313 315 317 324 200 -132.587646484375
dihedral 315 317 324 326 200 157.0478057861328
dihedral 2825 2827 2829 2844 200 -47.20661163330078
dihedral 2827 2829 2844 2846 200 -42.56410598754883
dihedral 2844 2846 2848 2866 200 -74.45124816894531
dihedral 2846 2848 2866 2868 200 -8.744574546813965
dihedral 2866 2868 2870 2890 200 -107.22138214111328
dihedral 2868 2870 2890 2892 200 -5.739603519439697
dihedral 324 326 328 331 200 -151.07249450683594
dihedral 326 328 331 333 200 177.10997009277344
dihedral 2917 2919 2921 2936 200 -59.987579345703125
dihedral 2919 2921 2936 2938 200 -41.11931228637695
dihedral 2936 2938 2940 2951 200 -63.092445373535156
dihedral 2938 2940 2951 2953 200 -30.85270881652832
dihedral 2951 2953 2955 2962 200 -70.34892272949219
dihedral 2953 2955 2962 2964 200 -41.64594268798828
dihedral 2962 2964 2966 2981 200 -65.08280181884766
dihedral 2964 2966 2981 2983 200 -51.98418426513672
dihedral 2981 2983 2985 3000 200 -76.58909606933594
dihedral 2983 2985 3000 3002 200 -46.31463623046875
dihedral 3000 3002 3004 3017 200 -113.2524185180664
dihedral 3002 3004 3017 3019 200 -6.60593318939209
dihedral 3095 3097 3099 3112 200 -59.05613708496094
dihedral 3097 3099 3112 3114 200 -35.88096237182617
dihedral 3112 3114 3116 3129 200 -77.69476318359375
dihedral 3114 3116 3129 3131 200 -20.434579849243164
dihedral 3129 3131 3133 3140 200 -72.3149185180664
dihedral 3131 3133 3140 3142 200 -37.96795654296875
dihedral 3140 3142 3144 3152 200 -58.04117965698242
dihedral 3142 3144 3152 3154 200 -36.16325378417969
dihedral 3152 3154 3156 3168 200 -58.84206771850586
dihedral 3154 3156 3168 3170 200 -38.93115234375
dihedral 3168 3170 3172 3192 200 -60.72502136230469
dihedral 3170 3172 3192 3194 200 -47.85024642944336
dihedral 3192 3194 3196 3203 200 -57.85688018798828
dihedral 3194 3196 3203 3205 200 -41.22106170654297
dihedral 3203 3205 3207 3224 200 -57.077972412109375
dihedral 3205 3207 3224 3226 200 -43.988685607910156
dihedral 3224 3226 3228 3231 200 -63.373714447021484
dihedral 3226 3228 3231 3233 200 -37.75213623046875
dihedral 3231 3233 3235 3247 200 -66.45746612548828
dihedral 3233 3235 3247 3249 200 -44.61489486694336
dihedral 38 40 42 62 200 -94.56237030029297
dihedral 40 42 62 64 200 136.10748291015625
dihedral 3247 3249 3251 3261 200 -57.43745040893555
dihedral 3249 3251 3261 3263 200 -43.652610778808594
dihedral 3261 3263 3265 3277 200 -59.770259857177734
dihedral 3263 3265 3277 3279 200 -44.11925506591797
dihedral 3277 3279 3281 3301 200 -56.25439453125
dihedral 3279 3281 3301 3303 200 -44.476043701171875
dihedral 3301 3303 3305 3316 200 -56.826969146728516
dihedral 3303 3305 3316 3318 200 -42.761993408203125
dihedral 3316 3318 3320 3335 200 -65.59990692138672
dihedral 3318 3320 3335 3337 200 -44.73434066772461
dihedral 3335 3337 3339 3352 200 -71.9675064086914
dihedral 3337 3339 3352 3354 200 -20.446659088134766
dihedral 3352 3354 3356 3366 200 -95.73867797851563
dihedral 3354 3356 3366 3368 200 -0.43079233169555664
dihedral 361 363 365 368 200 172.24630737304688
dihedral 363 365 368 370 200 -167.26185607910156
dihedral 3513 3515 3517 3523 200 -62.3114013671875
dihedral 3515 3517 3523 3525 200 -29.00226402282715
dihedral 3523 3525 3527 3534 200 -69.40826416015625
dihedral 3525 3527 3534 3536 200 -16.02528953552246
dihedral 3534 3536 3538 3549 200 -101.27883911132813
dihedral 3536 3538 3549 3551 200 -3.091137170791626
dihedral 368 370 372 382 200 -141.58523559570313
dihedral 370 372 382 384 200 140.2578125
dihedral 3549 3551 3553 3568 200 -64.01445007324219
dihedral 3551 3553 3568 3570 200 -42.25831985473633
dihedral 3568 3570 3572 3579 200 -61.67362594604492
dihedral 3570 3572 3579 3581 200 -47.344215393066406
dihedral 3579 3581 3583 3590 200 -64.00102233886719
dihedral 3581 3583 3590 3592 200 -42.7128791809082
dihedral 3590 3592 3594 3609 200 -63.60143280029297
dihedral 3592 3594 3609 3611 200 -39.21659851074219
dihedral 3609 3611 3613 3628 200 -60.91740036010742
dihedral 3611 3613 3628 3630 200 -40.5234375
dihedral 3628 3630 3632 3643 200 -67.4845199584961
dihedral 3630 3632 3643 3645 200 -28.556947708129883
dihedral 3643 3645 3647 3665 200 -71.54883575439453
dihedral 3645 3647 3665 3667 200 -12.462329864501953
dihedral 382 384 386 398 200 -106.9848861694336
dihedral 384 386 398 400 200 129.28741455078125
dihedral 3833 3835 3837 3852 200 -60.84012985229492
dihedral 3835 3837 3852 3854 200 -37.10152053833008
dihedral 3852 3854 3856 3864 200 -56.55519485473633
dihedral 3854 3856 3864 3866 200 -44.177616119384766
dihedral 398 400 402 419 200 -116.77228546142578
dihedral 400 402 419 421 200 147.91180419921875
dihedral 3864 3866 3868 3880 200 -64.41686248779297
dihedral 3866 3868 3880 3882 200 -43.58891677856445
dihedral 3880 3882 3884 3901 200 -62.376792907714844
dihedral 3882 3884 3901 3903 200 -41.025474548339844
dihedral 3901 3903 3905 3918 200 -62.4383659362793
dihedral 3903 3905 3918 3920 200 -31.99444007873535
dihedral 3918 3920 3922 3937 200 -62.85513687133789
dihedral 3920 3922 3937 3939 200 -46.067047119140625
dihedral 3937 3939 3941 3954 200 -60.770652770996094
dihedral 3939 3941 3954 3956 200 -43.32209396362305
dihedral 3954 3956 3958 3978 200 -62.34309387207031
dihedral 3956 3958 3978 3980 200 -39.53074645996094
dihedral 3978 3980 3982 4000 200 -61.25154495239258
dihedral 3980 3982 4000 4002 200 -32.5815315246582
dihedral 4000 4002 4004 4011 200 -68.68962860107422
dihedral 4002 4004 4011 4013 200 -14.296164512634277
dihedral 419 421 423 441 200 -88.57176208496094
dihedral 421 423 441 443 200 123.40840911865234
dihedral 4176 4178 4180 4196 200 -56.6431770324707
dihedral 4178 4180 4196 4198 200 -32.99802780151367
dihedral 4196 4198 4200 4220 200 -58.34467697143555
dihedral 4198 4200 4220 4222 200 -45.2662353515625
dihedral 441 443 445 448 200 -142.37306213378906
dihedral 443 445 448 450 200 -175.72171020507813
dihedral 4220 4222 4224 4235 200 -69.74633026123047
dihedral 4222 4224 4235 4237 200 -44.093162536621094
dihedral 4235 4237 4239 4254 200 -55.909732818603516
dihedral 4237 4239 4254 4256 200 -38.19649887084961
dihedral 4254 4256 4258 4273 200 -58.444801330566406
dihedral 4256 4258 4273 4275 200 -46.118282318115234
dihedral 4273 4275 4277 4292 200 -62.67216491699219
dihedral 4275 4277 4292 4294 200 -48.89091491699219
dihedral 4292 4294 4296 4307 200 -62.36875915527344
dihedral 4294 4296 4307 4309 200 -49.225563049316406
dihedral 4307 4309 4311 4327 200 -65.88623809814453
dihedral 4309 4311 4327 4329 200 -40.456703186035156
dihedral 4327 4329 4331 4338 200 -60.28691101074219
dihedral 4329 4331 4338 4340 200 -37.02614212036133
dihedral 4338 4340 4342 4360 200 -63.05856704711914
dihedral 4340 4342 4360 4362 200 -43.00927734375
dihedral 4360 4362 4364 4377 200 -63.66400909423828
dihedral 4362 4364 4377 4379 200 -40.411415100097656
dihedral 4377 4379 4381 4387 200 -66.9185562133789
dihedral 4379 4381 4387 4389 200 -18.97332191467285
dihedral 448 450 452 467 200 -124.54454040527344
dihedral 450 452 467 469 200 144.8374786376953
dihedral 4387 4389 4391 4411 200 -78.58299255371094
dihedral 4389 4391 4411 4413 200 -15.811162948608398
dihedral 4423 4425 4429 4437 200 -65.30872344970703
dihedral 4425 4429 4437 4439 200 -35.136314392089844
dihedral 4437 4439 4441 4454 200 -64.14736938476563
dihedral 4439 4441 4454 4456 200 -37.73434829711914
dihedral 4454 4456 4458 4478 200 -64.03401947021484
dihedral 4456 4458 4478 4480 200 -31.15900230407715
dihedral 467 469 471 491 200 -114.71244049072266
dihedral 469 471 491 493 200 134.23138427734375
dihedral 62 64 66 81 200 -97.13446044921875
dihedral 64 66 81 83 200 127.34980773925781
dihedral 621 623 625 640 200 -123.4520492553711
dihedral 623 625 640 642 200 148.4773712158203
dihedral 640 642 646 654 200 -82.177978515625
dihedral 642 646 654 656 200 139.37974548339844
dihedral 654 656 658 670 200 -138.14657592773438
dihedral 656 658 670 672 200 165.02520751953125
dihedral 670 672 674 680 200 -97.85176086425781
dihedral 672 674 680 682 200 135.09320068359375
dihedral 680 682 684 699 200 -122.98257446289063
dihedral 682 684 699 701 200 115.6290512084961
dihedral 699 701 703 721 200 -97.34860229492188
dihedral 701 703 721 723 200 117.00809478759766
dihedral 721 723 725 736 200 -104.12393951416016
dihedral 723 725 736 738 200 132.46421813964844
dihedral 736 738 740 755 200 -101.02207946777344
dihedral 738 740 755 757 200 134.22509765625
dihedral 875 877 879 889 200 -55.84889602661133
dihedral 877 879 889 891 200 -34.507198333740234
dihedral 889 891 893 911 200 -60.87532424926758
dihedral 891 893 911 913 200 -51.09593200683594
dihedral 911 913 915 926 200 -62.070838928222656
dihedral 913 915 926 928 200 -43.80481719970703
dihedral 926 928 930 945 200 -58.37531280517578
dihedral 928 930 945 947 200 -42.811824798583984
dihedral 945 947 949 964 200 -61.9836540222168
dihedral 947 949 964 966 200 -45.40533447265625
dihedral 964 966 968 976 200 -57.83878707885742
dihedral 966 968 976 978 200 -45.36412811279297
dihedral 976 978 980 991 200 -60.81422805786133
dihedral 978 980 991 993 200 -40.196311950683594
dihedral 991 993 995 1001 200 -56.12617111206055
dihedral 993 995 1001 1003 200 -42.20823669433594
dihedral 1001 1003 1005 1022 200 -62.74028778076172
dihedral 1003 1005 1022 1024 200 -38.947601318359375
dihedral 1022 1024 1026 1038 200 -62.8458366394043
dihedral 1024 1026 1038 1040 200 -45.14411926269531
dihedral 1038 1040 1042 1055 200 -62.9456672668457
dihedral 1040 1042 1055 1057 200 -35.18781661987305
dihedral 1055 1057 1059 1065 200 -78.97606658935547
dihedral 1057 1059 1065 1067 200 -14.633831977844238
dihedral 1065 1067 1069 1076 200 -90.58606719970703
dihedral 1067 1069 1076 1078 200 -8.66316032409668
dihedral 1200 1202 1204 1219 200 -73.6514892578125
dihedral 1202 1204 1219 1221 200 123.78771209716797
dihedral 1219 1221 1223 1238 200 -88.29373931884766
dihedral 1221 1223 1238 1240 200 -40.5792350769043
dihedral 1238 1240 1242 1245 200 -161.4187469482422
dihedral 1240 1242 1245 1247 200 164.45489501953125
dihedral 1245 1247 1249 1264 200 -137.69129943847656
dihedral 1247 1249 1264 1266 200 144.60142517089844
dihedral 1264 1266 1268 1275 200 -114.90950012207031
dihedral 1266 1268 1275 1277 200 123.17862701416016
dihedral 1275 1277 1279 1294 200 -118.54313659667969
dihedral 1277 1279 1294 1296 200 118.1025619506836
dihedral 1333 1335 1337 1349 200 -83.13583374023438
dihedral 1335 1337 1349 1351 200 125.32266235351563
dihedral 1349 1351 1353 1366 200 -126.23512268066406
dihedral 1351 1353 1366 1368 200 131.85159301757813
dihedral 1366 1368 1370 1385 200 -122.84378051757813
dihedral 1368 1370 1385 1387 200 130.6737823486328
dihedral 1385 1387 1389 1404 200 -109.77086639404297
dihedral 1387 1389 1404 1406 200 136.10205078125
dihedral 1404 1406 1408 1418 200 -134.46585083007813
dihedral 1406 1408 1418 1420 200 165.50767517089844
dihedral 1418 1420 1422 1435 200 -61.01211929321289
dihedral 1420 1422 1435 1437 200 141.26512145996094
dihedral 166 168 170 186 200 -147.65028381347656
dihedral 168 170 186 188 200 157.43887329101563
dihedral 1505 1507 1509 1512 200 67.55906677246094
dihedral 1507 1509 1512 1514 200 -151.15121459960938
dihedral 1512 1514 1516 1523 200 -64.73124694824219
dihedral 1514 1516 1523 1525 200 135.73793029785156
dihedral 1523 1525 1527 1542 200 -65.33058166503906
dihedral 1525 1527 1542 1544 200 -36.78767395019531
dihedral 1542 1544 1546 1561 200 -59.922183990478516
dihedral 1544 1546 1561 1563 200 -45.064178466796875
dihedral 1561 1563 1565 1573 200 -67.4083480834961
dihedral 1563 1565 1573 1575 200 -42.76933670043945
dihedral 1573 1575 1577 1594 200 -55.60225296020508
dihedral 1575 1577 1594 1596 200 -44.888118743896484
dihedral 1594 1596 1598 1610 200 -72.3304443359375
dihedral 1596 1598 1610 1612 200 -18.66611671447754
