improper 4 0 19 6 50 36.676719665527344
improper 5 0 19 6 50 70.11190032958984
improper 23 21 38 25 50 34.72700881958008
improper 24 21 38 25 50 67.68047332763672
improper 42 40 62 44 50 35.79351806640625
improper 43 40 62 44 50 68.34520721435547
improper 66 64 81 68 50 32.52057647705078
improper 67 64 81 68 50 65.05130004882813
improper 85 83 100 87 50 36.54092788696289
improper 86 83 100 87 50 69.7762680053711
improper 104 102 122 106 50 35.13524627685547
improper 105 102 122 106 50 68.42162322998047
improper 126 124 137 128 50 35.577552795410156
improper 127 124 137 128 50 68.55198669433594
improper 141 139 151 143 50 32.67112731933594
improper 142 139 151 143 50 67.68705749511719
improper 155 153 166 157 50 36.48738479614258
improper 156 153 166 157 50 69.68522644042969
improper 170 168 186 172 50 30.77621078491211
improper 171 168 186 172 50 64.6480941772461
improper 190 188 208 192 50 33.900062561035156
improper 191 188 208 192 50 66.69352722167969
improper 212 210 230 214 50 36.890953063964844
improper 213 210 230 214 50 69.2450180053711
improper 234 232 249 236 50 34.78120040893555
improper 235 232 249 236 50 68.6377944946289
improper 253 251 271 255 50 36.57448196411133
improper 254 251 271 255 50 69.85659790039063
improper 275 273 287 277 50 33.00858688354492
improper 276 273 287 277 50 65.79074096679688
improper 291 289 306 293 50 35.37992477416992
improper 292 289 306 293 50 68.75562286376953
improper 317 315 324 319 50 33.755550384521484
improper 318 315 324 319 50 66.7557144165039
improper 335 333 341 337 50 35.428470611572266
improper 336 333 341 337 50 67.52263641357422
improper 345 343 361 347 50 35.4569206237793
improper 346 343 361 347 50 70.04196166992188
improper 372 370 382 374 50 34.35439682006836
improper 373 370 382 374 50 68.1047592163086
improper 386 384 398 388 50 32.917152404785156
improper 387 384 398 388 50 65.2246322631836
improper 402 400 419 404 50 37.57260513305664
improper 403 400 419 404 50 71.41144561767578
improper 423 421 441 425 50 36.02900695800781
improper 424 421 441 425 50 68.31182098388672
improper 452 450 467 454 50 35.47678756713867
improper 453 450 467 454 50 68.24332427978516
improper 471 469 491 473 50 35.06882858276367
improper 472 469 491 473 50 67.58267974853516
improper 495 493 510 497 50 35.51630401611328
improper 496 493 510 497 50 68.68236541748047
improper 516 512 524 518 50 37.09620666503906
improper 517 512 524 518 50 67.42587280273438
improper 528 526 539 530 50 35.24193572998047
improper 529 526 539 530 50 69.00590515136719
improper 550 548 561 552 50 35.718055725097656
improper 551 548 561 552 50 68.7997817993164
improper 565 563 583 567 50 30.029930114746094
improper 566 563 583 567 50 63.967010498046875
improper 587 585 599 589 50 30.220325469970703
improper 588 585 599 589 50 62.7131233215332
improper 603 601 621 605 50 36.786643981933594
improper 604 601 621 605 50 69.36064147949219
improper 625 623 640 627 50 31.25687599182129
improper 626 623 640 627 50 64.73724365234375
improper 646 642 654 648 50 36.989097595214844
improper 647 642 654 648 50 67.49296569824219
improper 658 656 670 660 50 32.88260269165039
improper 659 656 670 660 50 65.65814208984375
improper 674 672 680 676 50 35.1317253112793
improper 675 672 680 676 50 66.0551528930664
improper 684 682 699 686 50 34.118831634521484
improper 685 682 699 686 50 67.53102111816406
improper 703 701 721 705 50 36.34967803955078
improper 704 701 721 705 50 68.93704223632813
improper 725 723 736 727 50 33.9875373840332
improper 726 723 736 727 50 66.11653900146484
improper 740 738 755 742 50 35.14060974121094
improper 741 738 755 742 50 67.96221923828125
improper 759 757 779 761 50 34.29533767700195
improper 760 757 779 761 50 67.374755859375
improper 783 781 794 785 50 33.742027282714844
improper 784 781 794 785 50 67.02556610107422
improper 798 796 804 800 50 30.90679168701172
improper 799 796 804 800 50 63.327999114990234
improper 808 806 818 810 50 34.24317169189453
improper 809 806 818 810 50 68.8448257446289
improper 822 820 829 824 50 32.708168029785156
improper 823 820 829 824 50 65.60869598388672
improper 835 831 843 837 50 39.34416961669922
improper 836 831 843 837 50 69.80838012695313
improper 847 845 865 849 50 36.53700637817383
improper 848 845 865 849 50 69.91163635253906
improper 869 867 875 871 50 33.74948501586914
improper 870 867 875 871 50 65.46159362792969
improper 879 877 889 881 50 32.802215576171875
improper 880 877 889 881 50 67.49034118652344
improper 893 891 911 895 50 33.60886764526367
improper 894 891 911 895 50 66.95947265625
improper 915 913 926 917 50 33.980255126953125
improper 916 913 926 917 50 66.97103881835938
improper 930 928 945 932 50 33.496742248535156
improper 931 928 945 932 50 67.69849395751953
improper 949 947 964 951 50 33.284488677978516
improper 950 947 964 951 50 66.70782470703125
improper 968 966 976 970 50 34.9148063659668
improper 969 966 976 970 50 68.93563079833984
improper 980 978 991 982 50 32.15694046020508
improper 981 978 991 982 50 64.85628509521484
improper 995 993 1001 997 50 31.468008041381836
improper 996 993 1001 997 50 63.80318069458008
improper 1005 1003 1022 1007 50 31.666837692260742
improper 1006 1003 1022 1007 50 65.74459075927734
improper 1026 1024 1038 1028 50 32.58264923095703
improper 1027 1024 1038 1028 50 65.86102294921875
improper 1042 1040 1055 1044 50 33.257083892822266
improper 1043 1040 1055 1044 50 66.7664566040039
improper 1059 1057 1065 1061 50 38.19051742553711
improper 1060 1057 1065 1061 50 70.91596984863281
improper 1069 1067 1076 1071 50 30.6313419342041
improper 1070 1067 1076 1071 50 64.70394134521484
improper 1080 1078 1092 1082 50 31.942384719848633
improper 1081 1078 1092 1082 50 65.06766510009766
improper 1096 1094 1104 1098 50 34.713890075683594
improper 1097 1094 1104 1098 50 67.13854217529297
improper 1108 1106 1118 1110 50 33.29804611206055
improper 1109 1106 1118 1110 50 66.4863052368164
improper 1124 1120 1132 1126 50 39.20930480957031
improper 1125 1120 1132 1126 50 70.27971649169922
improper 1136 1134 1149 1138 50 33.02048873901367
improper 1137 1134 1149 1138 50 65.87832641601563
improper 1153 1151 1165 1155 50 30.87283706665039
improper 1154 1151 1165 1155 50 63.07954406738281
improper 1169 1167 1176 1171 50 32.67171096801758
improper 1170 1167 1176 1171 50 66.44796752929688
improper 1180 1178 1200 1182 50 37.11861038208008
improper 1181 1178 1200 1182 50 69.784912109375
improper 1204 1202 1219 1206 50 33.35599136352539
improper 1205 1202 1219 1206 50 66.66387939453125
improper 1223 1221 1238 1225 50 33.67607116699219
improper 1224 1221 1238 1225 50 67.03433227539063
improper 1249 1247 1264 1251 50 32.61398696899414
improper 1250 1247 1264 1251 50 65.72007751464844
improper 1268 1266 1275 1270 50 33.71082305908203
improper 1269 1266 1275 1270 50 65.67838287353516
improper 1279 1277 1294 1281 50 31.643810272216797
improper 1280 1277 1294 1281 50 64.85115051269531
improper 1298 1296 1308 1300 50 31.96262550354004
improper 1299 1296 1308 1300 50 64.9778823852539
improper 1312 1310 1319 1314 50 35.31334686279297
improper 1313 1310 1319 1314 50 69.29832458496094
improper 1323 1321 1333 1325 50 30.229372024536133
improper 1324 1321 1333 1325 50 64.03641510009766
improper 1337 1335 1349 1339 50 33.57909393310547
improper 1338 1335 1349 1339 50 65.96570587158203
improper 1353 1351 1366 1355 50 35.73124313354492
improper 1354 1351 1366 1355 50 68.674072265625
improper 1370 1368 1385 1372 50 38.809295654296875
improper 1371 1368 1385 1372 50 71.93505859375
improper 1389 1387 1404 1391 50 29.87944793701172
improper 1390 1387 1404 1391 50 63.24922561645508
improper 1408 1406 1418 1410 50 32.16098403930664
improper 1409 1406 1418 1410 50 65.72514343261719
improper 1422 1420 1435 1424 50 35.14725112915039
improper 1423 1420 1435 1424 50 68.67377471923828
improper 1439 1437 1454 1441 50 35.6968994140625
improper 1440 1437 1454 1441 50 68.94508361816406
improper 1458 1456 1471 1460 50 33.54338836669922
improper 1459 1456 1471 1460 50 66.22119140625
improper 1477 1473 1485 1479 50 36.787139892578125
improper 1478 1473 1485 1479 50 67.49617767333984
improper 1489 1487 1505 1491 50 35.177085876464844
improper 1490 1487 1505 1491 50 69.35625457763672
improper 1516 1514 1523 1518 50 32.61408615112305
improper 1517 1514 1523 1518 50 66.82450866699219
improper 1527 1525 1542 1529 50 32.23628234863281
improper 1528 1525 1542 1529 50 66.07344818115234
improper 1546 1544 1561 1548 50 34.76105499267578
improper 1547 1544 1561 1548 50 68.51271057128906
improper 1565 1563 1573 1567 50 32.14182662963867
improper 1566 1563 1573 1567 50 66.00043487548828
improper 1577 1575 1594 1579 50 34.493125915527344
improper 1578 1575 1594 1579 50 68.51110076904297
improper 1598 1596 1610 1600 50 30.02520751953125
improper 1599 1596 1610 1600 50 63.539825439453125
improper 1614 1612 1634 1616 50 34.31584930419922
improper 1615 1612 1634 1616 50 67.54884338378906
improper 1638 1636 1649 1640 50 36.14915466308594
improper 1639 1636 1649 1640 50 69.13700103759766
improper 1653 1651 1666 1655 50 34.177303314208984
improper 1654 1651 1666 1655 50 68.0273208618164
improper 1670 1668 1688 1672 50 37.41703414916992
improper 1671 1668 1688 1672 50 71.71630096435547
improper 1692 1690 1700 1694 50 37.44820785522461
improper 1693 1690 1700 1694 50 71.56851959228516
improper 1704 1702 1714 1706 50 36.519439697265625
improper 1705 1702 1714 1706 50 70.74115753173828
improper 1718 1716 1733 1720 50 32.14739227294922
improper 1719 1716 1733 1720 50 66.12805938720703
improper 1744 1742 1751 1746 50 34.955081939697266
improper 1745 1742 1751 1746 50 69.51568603515625
improper 1755 1753 1768 1757 50 36.550193786621094
improper 1756 1753 1768 1757 50 69.93514251708984
improper 1772 1770 1789 1774 50 34.667137145996094
improper 1773 1770 1789 1774 50 68.72754669189453
improper 1793 1791 1808 1795 50 34.85090255737305
improper 1794 1791 1808 1795 50 68.51070404052734
improper 1812 1810 1827 1814 50 32.407958984375
improper 1813 1810 1827 1814 50 66.30805206298828
improper 1831 1829 1841 1833 50 34.28528594970703
improper 1832 1829 1841 1833 50 68.50132751464844
improper 1845 1843 1865 1847 50 33.0682258605957
improper 1846 1843 1865 1847 50 66.68077087402344
improper 1869 1867 1876 1871 50 33.262184143066406
improper 1870 1867 1876 1871 50 66.77985382080078
improper 1880 1878 1892 1882 50 34.1504020690918
improper 1881 1878 1892 1882 50 67.53111267089844
improper 1896 1894 1909 1898 50 33.687374114990234
improper 1897 1894 1909 1898 50 67.91083526611328
improper 1913 1911 1928 1915 50 32.37489700317383
improper 1914 1911 1928 1915 50 65.99910736083984
improper 1932 1930 1938 1934 50 34.63650894165039
improper 1933 1930 1938 1934 50 67.03399658203125
improper 1942 1940 1960 1944 50 33.219295501708984
improper 1943 1940 1960 1944 50 66.97803497314453
improper 1971 1969 1984 1973 50 33.054500579833984
improper 1972 1969 1984 1973 50 66.73157501220703
improper 1988 1986 1998 1990 50 33.803497314453125
improper 1989 1986 1998 1990 50 67.78144836425781
improper 2002 2000 2019 2004 50 35.13574981689453
improper 2003 2000 2019 2004 50 69.21858978271484
improper 2023 2021 2038 2025 50 32.846221923828125
improper 2024 2021 2038 2025 50 66.46854400634766
improper 2042 2040 2053 2044 50 34.21382141113281
improper 2043 2040 2053 2044 50 67.22544860839844
improper 2057 2055 2065 2059 50 34.272499084472656
improper 2058 2055 2065 2059 50 68.096923828125
improper 2069 2067 2089 2071 50 34.239524841308594
improper 2070 2067 2089 2071 50 67.71883392333984
improper 2093 2091 2113 2095 50 31.327049255371094
improper 2094 2091 2113 2095 50 64.78583526611328
improper 2117 2115 2132 2119 50 34.87944412231445
improper 2118 2115 2132 2119 50 67.66991424560547
improper 2136 2134 2148 2138 50 34.52907180786133
improper 2137 2134 2148 2138 50 66.30284881591797
improper 2152 2150 2165 2154 50 31.35624122619629
improper 2153 2150 2165 2154 50 64.3819351196289
improper 2169 2167 2189 2171 50 30.014375686645508
improper 2170 2167 2189 2171 50 64.16860961914063
improper 2193 2191 2201 2195 50 33.6707763671875
improper 2194 2191 2201 2195 50 66.49546813964844
improper 2205 2203 2220 2207 50 31.526702880859375
improper 2206 2203 2220 2207 50 64.75321960449219
improper 2224 2222 2230 2226 50 34.85735321044922
improper 2225 2222 2230 2226 50 65.78777313232422
improper 2234 2232 2240 2236 50 34.092926025390625
improper 2235 2232 2240 2236 50 66.41659545898438
improper 2244 2242 2264 2246 50 31.543155670166016
improper 2245 2242 2264 2246 50 65.09809112548828
improper 2268 2266 2278 2270 50 35.118560791015625
improper 2269 2266 2278 2270 50 68.72179412841797
improper 2282 2280 2294 2284 50 31.684391021728516
improper 2283 2280 2294 2284 50 63.92894744873047
improper 2298 2296 2313 2300 50 35.4588623046875
improper 2299 2296 2313 2300 50 68.5753402709961
improper 2317 2315 2329 2319 50 36.020347595214844
improper 2318 2315 2329 2319 50 68.93897247314453
improper 2333 2331 2351 2335 50 33.46476745605469
improper 2334 2331 2351 2335 50 66.58634185791016
improper 2355 2353 2365 2357 50 32.19972610473633
improper 2356 2353 2365 2357 50 65.36975860595703
improper 2371 2367 2379 2373 50 39.453678131103516
improper 2372 2367 2379 2373 50 70.48323822021484
improper 2383 2381 2396 2385 50 35.73908996582031
improper 2384 2381 2396 2385 50 69.03905487060547
improper 2400 2398 2413 2402 50 34.8147087097168
improper 2401 2398 2413 2402 50 67.85955047607422
improper 2417 2415 2429 2419 50 31.877561569213867
improper 2418 2415 2429 2419 50 64.79996490478516
improper 2433 2431 2451 2435 50 35.995826721191406
improper 2434 2431 2451 2435 50 69.37346649169922
improper 2455 2453 2470 2457 50 34.215511322021484
improper 2456 2453 2470 2457 50 68.05870056152344
improper 2474 2472 2484 2476 50 31.631650924682617
improper 2475 2472 2484 2476 50 65.45035552978516
improper 2488 2486 2496 2490 50 25.158700942993164
improper 2489 2486 2496 2490 50 59.352020263671875
improper 2500 2498 2516 2502 50 31.922761917114258
improper 2501 2498 2516 2502 50 65.6614761352539
improper 2527 2525 2542 2529 50 32.50159454345703
improper 2528 2525 2542 2529 50 66.82937622070313
improper 2546 2544 2552 2548 50 34.28175354003906
improper 2547 2544 2552 2548 50 66.21112823486328
improper 2556 2554 2574 2558 50 33.58599090576172
improper 2557 2554 2574 2558 50 67.22469329833984
improper 2578 2576 2593 2580 50 34.5776481628418
improper 2579 2576 2593 2580 50 68.23865509033203
improper 2597 2595 2612 2599 50 34.48074722290039
improper 2598 2595 2612 2599 50 67.90192413330078
improper 2623 2621 2629 2625 50 34.39907455444336
improper 2624 2621 2629 2625 50 66.56075286865234
improper 2633 2631 2644 2635 50 31.461214065551758
improper 2634 2631 2644 2635 50 64.26124572753906
improper 2648 2646 2659 2650 50 30.40216636657715
improper 2649 2646 2659 2650 50 63.26982498168945
improper 2663 2661 2681 2665 50 32.27925109863281
improper 2664 2661 2681 2665 50 66.46450805664063
improper 2685 2683 2696 2687 50 36.04289627075195
improper 2686 2683 2696 2687 50 69.3687744140625
improper 2700 2698 2717 2702 50 34.04054641723633
improper 2701 2698 2717 2702 50 68.01744842529297
improper 2721 2719 2734 2723 50 34.23163986206055
improper 2722 2719 2734 2723 50 66.10787963867188
improper 2738 2736 2744 2740 50 34.98832702636719
improper 2739 2736 2744 2740 50 67.13870239257813
improper 2748 2746 2759 2750 50 34.316184997558594
improper 2749 2746 2759 2750 50 66.59429931640625
improper 2777 2775 2795 2779 50 33.6119499206543
improper 2778 2775 2795 2779 50 66.82865142822266
improper 2799 2797 2811 2801 50 30.598793029785156
improper 2800 2797 2811 2801 50 62.248226165771484
improper 2817 2813 2825 2819 50 37.846168518066406
improper 2818 2813 2825 2819 50 68.4112777709961
improper 2829 2827 2844 2831 50 33.0332145690918
improper 2830 2827 2844 2831 50 67.53661346435547
improper 2848 2846 2866 2850 50 35.11772918701172
improper 2849 2846 2866 2850 50 69.00269317626953
improper 2870 2868 2890 2872 50 35.179359436035156
improper 2871 2868 2890 2872 50 68.25225067138672
improper 2894 2892 2907 2896 50 35.56943130493164
improper 2895 2892 2907 2896 50 69.05703735351563
improper 2911 2909 2917 2913 50 34.53725051879883
improper 2912 2909 2917 2913 50 66.7344970703125
improper 2921 2919 2936 2923 50 33.90762710571289
improper 2922 2919 2936 2923 50 67.85067749023438
improper 2940 2938 2951 2942 50 32.34263610839844
improper 2941 2938 2951 2942 50 65.72802734375
improper 2955 2953 2962 2957 50 32.9968376159668
improper 2956 2953 2962 2957 50 66.96138000488281
improper 2966 2964 2981 2968 50 34.824676513671875
improper 2967 2964 2981 2968 50 69.11194610595703
improper 2985 2983 3000 2987 50 34.630645751953125
improper 2986 2983 3000 2987 50 68.6497573852539
improper 3004 3002 3017 3006 50 34.01225662231445
improper 3005 3002 3017 3006 50 67.33953094482422
improper 3021 3019 3041 3023 50 26.580385208129883
improper 3022 3019 3041 3023 50 60.108367919921875
improper 3045 3043 3060 3047 50 33.10014724731445
improper 3046 3043 3060 3047 50 66.50868225097656
improper 3064 3062 3081 3066 50 34.235107421875
improper 3065 3062 3081 3066 50 67.56980895996094
improper 3085 3083 3095 3087 50 34.123050689697266
improper 3086 3083 3095 3087 50 67.69672393798828
improper 3099 3097 3112 3101 50 34.02041244506836
improper 3100 3097 3112 3101 50 67.23926544189453
improper 3116 3114 3129 3118 50 34.8541259765625
improper 3117 3114 3129 3118 50 68.84329223632813
improper 3133 3131 3140 3135 50 27.924697875976563
improper 3134 3131 3140 3135 50 61.96609115600586
improper 3144 3142 3152 3146 50 32.08018493652344
improper 3145 3142 3152 3146 50 65.76446533203125
improper 3156 3154 3168 3158 50 32.254371643066406
improper 3157 3154 3168 3158 50 65.68235778808594
improper 3172 3170 3192 3174 50 34.667755126953125
improper 3173 3170 3192 3174 50 67.84697723388672
improper 3196 3194 3203 3198 50 34.76833724975586
improper 3197 3194 3203 3198 50 68.85586547851563
improper 3207 3205 3224 3209 50 34.99992370605469
improper 3208 3205 3224 3209 50 69.07424926757813
improper 3235 3233 3247 3237 50 31.748950958251953
improper 3236 3233 3247 3237 50 64.63333129882813
improper 3251 3249 3261 3253 50 34.570735931396484
improper 3252 3249 3261 3253 50 69.30365753173828
improper 3265 3263 3277 3267 50 32.699092864990234
improper 3266 3263 3277 3267 50 65.76713562011719
improper 3281 3279 3301 3283 50 32.98970031738281
improper 3282 3279 3301 3283 50 66.46562194824219
improper 3305 3303 3316 3307 50 34.205875396728516
improper 3306 3303 3316 3307 50 66.96924591064453
improper 3320 3318 3335 3322 50 33.7773323059082
improper 3321 3318 3335 3322 50 67.56153106689453
improper 3339 3337 3352 3341 50 35.109840393066406
improper 3340 3337 3352 3341 50 68.76961517333984
improper 3356 3354 3366 3358 50 35.045509338378906
improper 3357 3354 3366 3358 50 69.66866302490234
improper 3370 3368 3386 3372 50 30.590803146362305
improper 3371 3368 3386 3372 50 65.01183319091797
improper 3397 3395 3404 3399 50 28.76073455810547
improper 3398 3395 3404 3399 50 62.464622497558594
improper 3408 3406 3426 3410 50 33.55222702026367
improper 3409 3406 3426 3410 50 67.00267791748047
improper 3432 3428 3440 3434 50 38.471256256103516
improper 3433 3428 3440 3434 50 68.61353302001953
improper 3444 3442 3461 3446 50 30.657079696655273
improper 3445 3442 3461 3446 50 64.43009185791016
improper 3465 3463 3473 3467 50 31.02162742614746
improper 3466 3463 3473 3467 50 64.92562103271484
improper 3484 3482 3499 3486 50 32.89057540893555
improper 3485 3482 3499 3486 50 66.08836364746094
improper 3505 3501 3513 3507 50 34.1269416809082
improper 3506 3501 3513 3507 50 64.50413513183594
improper 3517 3515 3523 3519 50 34.88749694824219
improper 3518 3515 3523 3519 50 67.34722900390625
improper 3527 3525 3534 3529 50 34.45570373535156
improper 3528 3525 3534 3529 50 68.84725952148438
improper 3538 3536 3549 3540 50 36.8824462890625
improper 3539 3536 3549 3540 50 70.06780242919922
improper 3553 3551 3568 3555 50 31.32961082458496
improper 3554 3551 3568 3555 50 65.95565795898438
improper 3572 3570 3579 3574 50 34.121788024902344
improper 3573 3570 3579 3574 50 68.5103988647461
improper 3583 3581 3590 3585 50 31.54485321044922
improper 3584 3581 3590 3585 50 66.0546646118164
improper 3594 3592 3609 3596 50 27.621368408203125
improper 3595 3592 3609 3596 50 61.58984375
improper 3613 3611 3628 3615 50 33.52853012084961
improper 3614 3611 3628 3615 50 67.49359893798828
improper 3632 3630 3643 3634 50 33.3792839050293
improper 3633 3630 3643 3634 50 66.51243591308594
improper 3647 3645 3665 3649 50 34.899261474609375
improper 3648 3645 3665 3649 50 68.3384780883789
improper 3676 3674 3687 3678 50 31.728736877441406
improper 3677 3674 3687 3678 50 64.39251708984375
improper 3691 3689 3711 3693 50 34.108890533447266
improper 3692 3689 3711 3693 50 66.41695404052734
improper 3715 3713 3730 3717 50 36.14031219482422
improper 3716 3713 3730 3717 50 69.5223617553711
improper 3736 3732 3744 3738 50 37.74404525756836
improper 3737 3732 3744 3738 50 67.99217987060547
improper 3748 3746 3761 3750 50 33.777408599853516
improper 3749 3746 3761 3750 50 67.10900115966797
improper 3767 3763 3775 3769 50 38.25017166137695
improper 3768 3763 3775 3769 50 68.05462646484375
improper 3781 3777 3789 3783 50 37.609169006347656
improper 3782 3777 3789 3783 50 68.66136932373047
improper 3793 3791 3808 3795 50 34.007755279541016
improper 3794 3791 3808 3795 50 68.53091430664063
improper 3812 3810 3819 3814 50 35.2718620300293
improper 3813 3810 3819 3814 50 68.97930145263672
improper 3823 3821 3833 3825 50 30.481706619262695
improper 3824 3821 3833 3825 50 64.67955017089844
improper 3837 3835 3852 3839 50 29.30396270751953
improper 3838 3835 3852 3839 50 63.85026931762695
improper 3856 3854 3864 3858 50 33.407527923583984
improper 3857 3854 3864 3858 50 67.26671600341797
improper 3868 3866 3880 3870 50 33.748573303222656
improper 3869 3866 3880 3870 50 66.9914779663086
improper 3884 3882 3901 3886 50 32.76445770263672
improper 3885 3882 3901 3886 50 66.83341979980469
improper 3905 3903 3918 3907 50 30.173320770263672
improper 3906 3903 3918 3907 50 64.10816192626953
improper 3922 3920 3937 3924 50 33.031063079833984
improper 3923 3920 3937 3924 50 67.20050811767578
improper 3941 3939 3954 3943 50 36.22499465942383
improper 3942 3939 3954 3943 50 69.6106185913086
improper 3958 3956 3978 3960 50 33.41911315917969
improper 3959 3956 3978 3960 50 67.27384185791016
improper 3982 3980 4000 3984 50 33.74481964111328
improper 3983 3980 4000 3984 50 67.22994232177734
improper 4004 4002 4011 4006 50 34.052059173583984
improper 4005 4002 4011 4006 50 67.80413055419922
improper 4015 4013 4035 4017 50 33.36328125
improper 4016 4013 4035 4017 50 67.02889251708984
improper 4039 4037 4052 4041 50 33.499603271484375
improper 4040 4037 4052 4041 50 66.6619644165039
improper 4056 4054 4071 4058 50 33.78947830200195
improper 4057 4054 4071 4058 50 67.86864471435547
improper 4075 4073 4083 4077 50 32.72087097167969
improper 4076 4073 4083 4077 50 66.15682220458984
improper 4087 4085 4093 4089 50 32.517974853515625
improper 4088 4085 4093 4089 50 64.69815826416016
improper 4097 4095 4105 4099 50 32.46265411376953
improper 4098 4095 4105 4099 50 66.4325180053711
improper 4109 4107 4116 4111 50 36.53786087036133
improper 4110 4107 4116 4111 50 70.92938232421875
improper 4120 4118 4140 4122 50 34.21195983886719
improper 4121 4118 4140 4122 50 66.88389587402344
improper 4146 4142 4154 4148 50 37.781097412109375
improper 4147 4142 4154 4148 50 68.29217529296875
improper 4158 4156 4176 4160 50 34.135501861572266
improper 4159 4156 4176 4160 50 67.15049743652344
improper 4180 4178 4196 4182 50 35.465087890625
improper 4181 4178 4196 4182 50 69.8465805053711
improper 4200 4198 4220 4202 50 34.69168472290039
improper 4201 4198 4220 4202 50 68.33463287353516
improper 4224 4222 4235 4226 50 34.5740966796875
improper 4225 4222 4235 4226 50 67.1173324584961
improper 4239 4237 4254 4241 50 32.98460388183594
improper 4240 4237 4254 4241 50 66.6402359008789
improper 4258 4256 4273 4260 50 33.40620803833008
improper 4259 4256 4273 4260 50 67.55528259277344
improper 4277 4275 4292 4279 50 32.106910705566406
improper 4278 4275 4292 4279 50 66.2107162475586
improper 4296 4294 4307 4298 50 34.241703033447266
improper 4297 4294 4307 4298 50 67.51969909667969
improper 4311 4309 4327 4313 50 31.50496482849121
improper 4312 4309 4327 4313 50 65.81260681152344
improper 4331 4329 4338 4333 50 34.45936584472656
improper 4332 4329 4338 4333 50 68.58589172363281
improper 4342 4340 4360 4344 50 33.8594856262207
improper 4343 4340 4360 4344 50 67.77651977539063
improper 4364 4362 4377 4366 50 34.266292572021484
improper 4365 4362 4377 4366 50 68.02070617675781
improper 4381 4379 4387 4383 50 33.69224166870117
improper 4382 4379 4387 4383 50 65.84557342529297
improper 4391 4389 4411 4393 50 32.80828857421875
improper 4392 4389 4411 4393 50 66.29736328125
improper 4415 4413 4423 4417 50 32.43556594848633
improper 4416 4413 4423 4417 50 65.3864517211914
improper 4429 4425 4437 4431 50 38.436241149902344
improper 4430 4425 4437 4431 50 69.15373229980469
improper 4441 4439 4454 4443 50 35.9566650390625
improper 4442 4439 4454 4443 50 69.35770416259766
improper 4458 4456 4478 4460 50 37.0814094543457
improper 4459 4456 4478 4460 50 70.46715545654297
improper 4482 4480 4499 4484 50 34.30421447753906
improper 4483 4480 4499 4484 50 68.71307373046875
improper 4503 4501 4518 4505 50 35.2824821472168
improper 4504 4501 4518 4505 50 68.17050170898438
improper 4522 4520 4534 4524 50 32.017723083496094
improper 4523 4520 4534 4524 50 64.64588928222656
improper 4538 4536 4553 4540 50 32.48122787475586
improper 4539 4536 4553 4540 50 65.47064971923828
improper 4557 4555 4570 4559 50 34.542137145996094
improper 4558 4555 4570 4559 50 68.02556610107422
improper 4581 4579 4589 4583 50 32.867889404296875
improper 4582 4579 4589 4583 50 64.5440673828125
improper 143 141 145 147 50 37.44194793701172
improper 144 141 145 147 50 72.50228118896484
improper 374 372 376 378 50 36.09784698486328
improper 375 372 376 378 50 70.46565246582031
improper 810 808 812 814 50 33.83712387084961
improper 811 808 812 814 50 69.0997085571289
improper 1300 1298 1302 1304 50 36.21418380737305
improper 1301 1298 1302 1304 50 70.8876724243164
improper 1325 1323 1327 1329 50 36.76999282836914
improper 1326 1323 1327 1329 50 71.98985290527344
improper 1410 1408 1412 1414 50 36.49137496948242
improper 1411 1408 1412 1414 50 71.40864562988281
improper 2357 2355 2359 2361 50 35.914329528808594
improper 2358 2355 2359 2361 50 70.9383544921875
improper 2476 2474 2478 2480 50 32.77375030517578
improper 2477 2474 2478 2480 50 67.46723937988281
improper 3087 3085 3089 3091 50 36.123287200927734
improper 3088 3085 3089 3091 50 70.9132308959961
improper 3253 3251 3255 3257 50 35.35026550292969
improper 3254 3251 3255 3257 50 69.65372467041016
improper 3358 3356 3360 3362 50 37.3408088684082
improper 3359 3356 3360 3362 50 71.97842407226563
improper 3825 3823 3827 3829 50 36.96345520019531
improper 3826 3823 3827 3829 50 71.84578704833984
improper 68 66 74 70 50 33.109771728515625
improper 69 66 74 70 50 68.22891235351563
improper 236 234 242 238 50 34.06665802001953
improper 237 234 242 238 50 69.57845306396484
improper 497 495 503 499 50 34.02260208129883
improper 498 495 503 499 50 69.34884643554688
improper 627 625 633 629 50 33.40044403076172
improper 628 625 633 629 50 69.2124252319336
improper 686 684 692 688 50 32.81635665893555
improper 687 684 692 688 50 67.69879913330078
improper 932 930 938 934 50 31.95319938659668
improper 933 930 938 934 50 66.4499282836914
improper 1251 1249 1257 1253 50 30.173542022705078
improper 1252 1249 1257 1253 50 65.43888854980469
improper 1391 1389 1397 1393 50 34.800201416015625
improper 1392 1389 1397 1393 50 70.4771957397461
improper 1720 1718 1726 1722 50 33.8079833984375
improper 1721 1718 1726 1722 50 68.9483413696289
improper 1915 1913 1921 1917 50 33.3537483215332
improper 1916 1913 1921 1917 50 69.14100646972656
improper 2457 2455 2463 2459 50 33.04942321777344
improper 2458 2455 2463 2459 50 68.0738296508789
improper 2831 2829 2837 2833 50 32.414398193359375
improper 2832 2829 2837 2833 50 66.30361938476563
improper 2968 2966 2974 2970 50 32.89923858642578
improper 2969 2966 2974 2970 50 68.02386474609375
improper 3047 3045 3053 3049 50 31.13968276977539
improper 3048 3045 3053 3049 50 66.20502471923828
improper 3486 3484 3492 3488 50 33.5933723449707
improper 3487 3484 3492 3488 50 68.42799377441406
improper 3555 3553 3561 3557 50 32.19140625
improper 3556 3553 3561 3557 50 67.38701629638672
improper 3596 3594 3602 3598 50 33.21282958984375
improper 3597 3594 3602 3598 50 69.13897705078125
improper 3795 3793 3801 3797 50 33.03583526611328
improper 3796 3793 3801 3797 50 68.98353576660156
improper 3839 3837 3845 3841 50 30.842599868774414
improper 3840 3837 3845 3841 50 66.38077545166016
improper 3924 3922 3930 3926 50 32.997825622558594
improper 3925 3922 3930 3926 50 67.7413101196289
improper 4058 4056 4064 4060 50 32.5274658203125
improper 4059 4056 4064 4060 50 68.009521484375
improper 4260 4258 4266 4262 50 33.822059631347656
improper 4261 4258 4266 4262 50 68.99535369873047
improper 4279 4277 4285 4281 50 31.301025390625
improper 4280 4277 4285 4281 50 66.06489562988281
improper 4540 4538 4546 4542 50 32.95085144042969
improper 4541 4538 4546 4542 50 67.83753967285156
